21889, 15269, 58794, 49782, 23094, 27484, 51410, 33005,
21216, 16544, 12458, 10713, 33303, 2803, 39166, 24181, 26051,
28295, 2480, 49637, 50011, 60432, 26007, 48992, 46813,
51117, 61557, 60770, 42132, 51993, 57185, 46510, 45098, 42967,
5310, 11980, 58932, 27103, 46019, 18165, 1349, 12349, 10972,
26090, 30457, 27366, 48737, 50023, 20880, 22095, 41237, 45845,
31860, 12328, 21461, 60086, 13806, 60791, 41091, 38357, 15921,
40907, 32370, 59095, 56611, 48373, 61235, 8158, 8873, 10132,
45167, 26390, 22523, 25625, 55244, 46587, 54507, 57804, 60315,
54059, 31554, 16930, 60258, 46023, 35540, 5996, 24981, 22004,
53108, 16981, 49278, 27733, 7320, 7973, 18643, 45099, 37723,
37724, 3488, 19534, 57750, 51594, 37889, 37947, 45299, 17350,
3485, 16613, 60173
